595216275123,0
CPCDEO,1
TO_PREFIX_21,2
59521600552,3
595973660015,4
,5
595971129345233183,6
TO_PREFIX_294,7
213,8
sip:432201,9
595213284571,10
595981370349,11
595214175301,12
595213386894,13
TO_PREFIX_673,14
59521624070,15
595981910448,16
59521764552,17
595972267522,18
11595951000030,19
595981405052,20
595213389314,21
59521234433,22
595982335293,23
595214142000,24
BCOPO2,25
595983877148221135,26
595213283628,27
sip:990303,28
595984818368,29
595981124488,30
595213263233,31
595511242280,32
59521764553,33
595213262027,34
BSCCNVO,35
595971895815,36
595991630012,37
sip:2376630,38
59521795424,39
BSCCOVO,40
595981430939,41
595213386797,42
595981912727,43
595224632199,44
216,45
595213385716,46
CDNV21O,47
595212377400,48
595971383157,49
595985944818,50
59521233310,51
BC29A1,52
TO_PREFIX_61,53
595212381442,54
TO_PREFIX_225,55
BENCA1,56
595985469718,57
595985948004,58
595981243217,59
595213260562,60
59521214889,61
TO_TKG_ENCAR,62
59521482648,63
595213294240,64
235,65
217,66
BC21I1,67
595985872234,68
59521990302,69
595212492800,70
218,71
595972728281,72
595984334764,73
595983769312,74
ICOSS,75
595213385538,76
59521602591,77
595983417385,78
595973719727,79
NACTIGO,80
236,81
595981573537,82
595991976130,83
595982375375,84
59521624886,85
595971871248,86
BC30A1,87
sip:678449,88
595983186266,89
595982221005,90
595212377142,91
200,92
59521523932,93
595985776719,94
sip:906012,95
595213274857,96
59521605905,97
TO_ERICSSON_NAC,98
238,99
595983489793,100
NACAMXO,101
595983401140,102
CPCOVIO,103
NACNUCO,104
595216890000,105
595712190008,106
PNC21O,107
BC68A1,108
BCTAA2,109
BC42T1,110
595983679504,111
0,112
595981850578,113
BC50A1,114
595212381086,115
ASN800,116
595212381743,117
595981484340,118
239,119
595213282463,120
220,121
595213282464,122
221,123
595994207535,124
595983323185,125
203,126
595994724469,127
BCOPC2,128
595213271600,129
BPILA1,130
595983191308,131
595983519241,132
595981924171,133
595983103170,134
595984688810,135
595213270331,136
595213283733,137
595982917674,138
595981564686,139
595673220768,140
222,141
BCOPA5,142
TO_TKG_CENT21,143
2,144
204,145
595212382375,146
595213188000,147
595994258800,148
595213281475,149
595983877148220710,150
595212197777,151
595985311808,152
595985375600,153
sip:221701,154
595981750770,155
BKM4R1,156
595984112793,157
BC21F1,158
595986301184,159
595984716333,160
595213383842,161
595981735993,162
595981551582,163
TO_TKG_CENT40,164
205,165
CPENCAO,166
BCOPE2,167
TO_PREFIX_782,168
224,169
0172,170
595986965648,171
595961174928,172
BCOVA1,173
595991277600,174
206,175
BC90A1,176
595991912659,177
595981772713,178
595961423651,179
595217289822,180
595973753753,181
595962224264,182
595212376320,183
sip:5697862,184
5,185
595212388200,186
595961103666,187
59521296987,188
207,189
225,190
595983688969,191
595994217097,192
59521614226,193
595983303271,194
595213261902,195
595972948861,196
595983831987,197
595961818574,198
595213273496,199
595214157999,200
6,201
59521670342,202
59521208994,203
TO_PREFIX_531,204
595985466199,205
595984758727,206
BC75A1,207
BCOVN1,208
7,209
209,210
BC57A1,211
595212175000,212
59521208995,213
595985877699,214
595991908756,215
595213294809,216
227,217
BMGWA1,218
595994616960,219
595981691004,220
595214198300,221
TO_TKG_CESTE,222
BCENC1,223
sip:952354,224
228,225
595981273694,226
595212381093,227
595213277601,228
BCOPT2,229
CDE800,230
595992294389,231
595214129000,232
595212376496,233
NATIG1O,234
595981121440,235
BC40A1,236
HOLAPVO,237
595981928300,238
595224632300,239
595994156224,240
595712190017,241
595983558967,242
BC22A1,243
595961397160,244
210,245
59521201606,246
BCOVP1,247
595981509170,248
CENTR4O,249
595212376801,250
595216275121,251
595213280140,252
59521615004,253
211,254
595984117100,255
595985629435,256
TDMAMVO,257
595513432270,258
595983207921,259
595981745017,260
AMXNEWO,261
sip:603507,262
595986944152,263
sip:2386644,264
595213263230,265
595983940900,266
595712190000,267
595983550110,268
212,269
595213266237,270
595994673105,271
BC60A1,272
595972479868,273
595531433155,274
BC42A1,275
sip:901218,276
59521611081,277
595982393882,278
