PREFIX_21,0
59571209095,1
59521622567,2
510,3
595531433868,4
59521624727,5
59521764551,6
,7
595531432166,8
59521233640,9
59521285850,10
595673221434,11
595673221731,12
PNC21I,13
CPCOVII,14
PREFIX_291,15
595673221470,16
511,17
595673220066,18
595531432680,19
59521990687,20
595224632738,21
59521760755,22
59521931584,23
59521308801,24
59521233183,25
595511242820,26
59521536097,27
59521562520,28
59521621560,29
595673221093,30
59521624071,31
595226262340,32
59521623342,33
59521232400,34
59521285853,35
59521621561,36
595673221355,37
59521232301,38
PREFIX_275,39
59521931251,40
595782232253,41
59521308802,42
59521760756,43
59521764554,44
BC29A1,45
595673220186,46
59521974651,47
BENCA1,48
PREFIX_294,49
595224632299,50
59521233860,51
PREFIX_61,52
595673221419,53
59521624190,54
59521392305,55
59521931982,56
59521234256,57
59521990301,58
595531432151,59
59521392297,60
59521623804,61
59521764556,62
PREFIX_673,63
59521990302,64
BSEOO1,65
CPENCAI,66
595673220286,67
59521624885,68
59521232321,69
595291432201,70
59521232060,71
59521621149,72
BCZUO1,73
BFLFA1,74
59571212222,75
59571209398,76
BCTAA1,77
BC30A1,78
ENC800,79
59521623724,80
59521761686,81
59521951711,82
59521764700,83
BCOPA2,84
59521232594,85
PREFIX_224,86
PREFIX_521,87
59521276352,88
595673220710,89
595673221403,90
BC68A1,91
59521950740,92
59521276353,93
59521761273,94
59521307916,95
59521676809,96
518,97
0,98
59521392327,99
BC50A1,100
ASN800,101
59521622394,102
PREFIX_225,103
59521761633,104
59521621666,105
59521760798,106
519,107
595531432237,108
PREFIX_226,109
BPILA1,110
59521761788,111
59521991666,112
595673220235,113
59521276354,114
59521922185,115
595225952333,116
59521232596,117
59521990676,118
595513432280,119
59521234422,120
59521622935,121
59571214223,122
59521653706,123
59521677026,124
59521921079,125
59521624754,126
595531432869,127
595511243593,128
59521678034,129
59521622819,130
59521991667,131
59521930547,132
595224632132,133
59521562825,134
59521234405,135
59521624592,136
HOLAPVI,137
595673220868,138
CENTR4I,139
59521590906,140
59521621848,141
502,142
595673221407,143
59521232778,144
59521591077,145
59521233191,146
SIPNACI,147
595673220750,148
59521234064,149
59521930070,150
59521795567,151
PREFIX_228,152
TDMAMVI,153
59521286040,154
59521991100,155
BCOVA1,156
59521528168,157
59521921701,158
BC90A1,159
59521233156,160
59521678450,161
595673220157,162
59521232580,163
59521622280,164
595673220869,165
59521624495,166
595673221480,167
595291432299,168
595531432735,169
59521591717,170
59521562232,171
59521285249,172
59521622127,173
PNC40I,174
595782232299,175
59521393105,176
IVRCNI,177
59521590287,178
59521761917,179
59521232644,180
59521931459,181
PREFIX_21324,182
595673221940,183
59521991101,184
59521562927,185
59521482792,186
59521232546,187
59521590288,188
59571209530,189
BCDEA1,190
59521621292,191
59521527297,192
59521793120,193
59521624181,194
CPCDEI,195
PREFIX_21721,196
59521623452,197
COV800,198
59521234265,199
59521562117,200
BC75A1,201
59521760550,202
OGOSS,203
595228638007,204
BC57A1,205
506,206
PREFIX_21821,207
59521595121,208
BMGWA1,209
59521624182,210
59521654008,211
PREFIX_71,212
59521234068,213
595673221410,214
595673221942,215
BCENC1,216
59521233501,217
595531432144,218
59521760551,219
595673221330,220
59521931407,221
59521591595,222
595673221899,223
BSCCNVI,224
595673220638,225
507,226
59571209389,227
CDE800,228
PREFIX_511,229
59521922218,230
595224632200,231
PREFIX_782,232
1068,233
BSCCOVI,234
59571209100,235
595673220099,236
CDNV21I,237
59521233575,238
59521621394,239
BC40A1,240
59521393181,241
59521275100,242
508,243
BVRAO1,244
BC22A1,245
59521234330,246
59521621817,247
PNCOVI,248
59521232350,249
59521233692,250
59521677447,251
59521233693,252
595531432425,253
595511243230,254
59521232450,255
PREFIX_531,256
59521760553,257
59571209101,258
595294221700,259
PREFIX_513,260
59521591777,261
595217213399,262
509,263
59521991098,264
59521676062,265
59521286461,266
595673221135,267
595226262914,268
59521233621,269
PNCDEI,270
59521760356,271
BC60A1,272
BC42A1,273
59521233874,274
